function [colors] = GetRandomColors()
mspaint = [
    127,127,127;
    136,0,21;
    237,28,36;
    255,127,39;
    255,201,14;
    34,177,76;
    0,162,232;
    63,72,204;
    163,73,164;
    
    19,194,194;
    235,47,150;
    185,122,86;
    64,128,128;
    
    0,128,255;
    255,128,192;
    
    107,119,167;

];

colors = mspaint ./ 255.0;
end
